>12 DNA:CHROMOSOME CHROMOSOME:GRCH38:12:102197585:102402596:1	Cytoplasm
Cytoplasm:	0.890100267581
Nucleus:	0.023164184657
Ribosome:	0.0184671151383
Cytosol:	0.0667957354229
Exosome:	0.00147269720114
