>11 DNA:CHROMOSOME CHROMOSOME:GRCH38:11:2608328:2699994:-1	Cytoplasm
Cytoplasm:	0.50688153331
Nucleus:	0.440962792348
Ribosome:	0.00416034307623
Cytosol:	0.0415477435444
Exosome:	0.00644758772156
