>11 DNA:CHROMOSOME CHROMOSOME:GRCH38:11:65504496:65504851:1	Cytoplasm
Cytoplasm:	0.71591385461
Nucleus:	0.19043493261
Ribosome:	0.0132735920874
Cytosol:	0.0309734337466
Exosome:	0.0494041869458
