>11 DNA:CHROMOSOME CHROMOSOME:GRCH38:11:65422798:65445540:1	Cytoplasm
Cytoplasm:	0.723052217015
Nucleus:	0.205561141668
Ribosome:	0.00841783903545
Cytosol:	0.0513927318058
Exosome:	0.0115760704754
