>20 DNA:CHROMOSOME CHROMOSOME:GRCH38:20:36045618:36051018:-1	Nucleus
Cytoplasm:	0.122322035425
Nucleus:	0.843454735765
Ribosome:	0.00402995148058
Cytosol:	0.0098955117328
Exosome:	0.0202977655969
