>15 DNA:CHROMOSOME CHROMOSOME:GRCH38:15:41284032:41309737:1	Cytosol
Cytoplasm:	0.0872601915477
Nucleus:	0.00978602464237
Ribosome:	0.194602103172
Cytosol:	0.701862977331
Exosome:	0.00648870330666
