>17 DNA:CHROMOSOME CHROMOSOME:GRCH38:17:76557733:76565357:1	Cytosol
Cytoplasm:	0.203787395231
Nucleus:	0.0862279091084
Ribosome:	0.0992885618679
Cytosol:	0.540533585873
Exosome:	0.070162547919
