>X DNA:CHROMOSOME CHROMOSOME:GRCH38:X:73820656:73852723:-1	Cytoplasm
Cytoplasm:	0.714178215408
Nucleus:	0.170773508992
Ribosome:	0.00976743232529
Cytosol:	0.0991788406603
Exosome:	0.00610200261461
